16,0,0,3.4794e-05,0.000127034
32,0,0,0.00026636,0.000372881
64,0,0,0.001615,0.00177676
128,0,0,0.012348518,0.012661756
256,0,0,0.075585101,0.076549389
512,0,0,0.470245948,0.473855684
1024,0,0,3.078483613,3.090156999
2048,0,0,21.946740369,21.983543778
4096,0,0,176.580842422,176.681873344
16,4,0,0.000538344,0.000579363
32,4,0,0.000434057,0.000530222
64,4,0,0.001189583,0.001257927
128,4,0,0.005791563,0.006105632
256,4,0,0.032416931,0.032912006
512,4,0,0.16233415,0.165126962
1024,4,0,1.026995493,1.033323956
2048,4,0,7.773319173,7.798756595
4096,4,0,61.789780326,61.88995036
16,8,0,0.000286133,0.000326588
32,8,0,0.000538018,0.000633863
64,8,0,0.001306842,0.001374465
128,8,0,0.004588054,0.004901274
256,8,0,0.028692527,0.029200593
512,8,0,0.095642924,0.098643956
1024,8,0,0.636951874,0.645297029
2048,8,0,4.0343405,4.060207686
4096,8,0,31.991126608,32.090872347
16,12,0,0.000371458,0.000411601
32,12,0,0.000554181,0.000599386
64,12,0,0.001041092,0.00110802
128,12,0,0.003016524,0.003157819
256,12,0,0.025049981,0.025544212
512,12,0,0.066890145,0.068618743
1024,12,0,0.408669628,0.4154543
2048,12,0,2.894526676,2.920120138
4096,12,0,22.887194422,22.98703893
16,16,0,0.000446981,0.000487407
32,16,0,0.00072321,0.000769061
64,16,0,0.00117644,0.001245486
128,16,0,0.005842237,0.005988552
256,16,0,0.028814981,0.029482295
512,16,0,0.075140867,0.077006326
1024,16,0,0.489446867,0.496077351
2048,16,0,2.366116293,2.391566272
4096,16,0,18.001358294,18.10188234
16,0,1,1.3371e-05,5.0997e-05
32,0,1,9.557e-05,0.000138419
64,0,1,0.000705104,0.00076989
128,0,1,0.005544206,0.005706388
256,0,1,0.043623862,0.044114939
512,0,1,0.345184916,0.347513354
1024,0,1,2.916839411,2.931980095
2048,0,1,21.833980192,21.859244333
4096,0,1,176.287585057,176.434725053
16,4,1,0.000180405,0.000221494
32,4,1,0.000417956,0.00051345
64,4,1,0.001412236,0.001480652
128,4,1,0.005514329,0.005838358
256,4,1,0.035692067,0.036179873
512,4,1,0.160238305,0.163208521
1024,4,1,1.022535476,1.028837448
2048,4,1,7.250688684,7.276135471
4096,4,1,58.880481813,58.979909723
16,8,1,0.00025577,0.000296184
32,8,1,0.000476628,0.000522424
64,8,1,0.000871451,0.000938185
128,8,1,0.002613377,0.002764477
256,8,1,0.015038463,0.015526521
512,8,1,0.075013485,0.076895806
1024,8,1,0.561367143,0.568154147
2048,8,1,4.021179983,4.046403183
4096,8,1,31.950142142,32.050310312
16,12,1,0.000340526,0.000380312
32,12,1,0.000639997,0.000685479
64,12,1,0.000989312,0.001056048
128,12,1,0.005268709,0.005414502
256,12,1,0.023961327,0.024456891
512,12,1,0.065091133,0.067027934
1024,12,1,0.393171006,0.399956629
2048,12,1,2.896462418,2.922044406
4096,12,1,22.967334341,23.06683616
16,16,1,0.000484896,0.000525062
32,16,1,0.001484947,0.001529513
64,16,1,0.001390988,0.001460681
128,16,1,0.00330751,0.003455574
256,16,1,0.025101796,0.025586631
512,16,1,0.073696275,0.075505381
1024,16,1,0.501748981,0.508707482
2048,16,1,2.380513323,2.40601526
4096,16,1,17.895556451,17.994977034
16,0,2,1.3449e-05,5.1554e-05
32,0,2,9.5313e-05,0.00014031
64,0,2,0.000711711,0.000776673
128,0,2,0.005626602,0.005773752
256,0,2,0.043566619,0.044026197
512,0,2,0.343842542,0.345688472
1024,0,2,2.735291427,2.741859218
2048,0,2,22.015864963,22.064218429
4096,0,2,176.607382062,176.751411525
16,4,2,0.000195399,0.000235627
32,4,2,0.000479022,0.000565027
64,4,2,0.001113328,0.001187539
128,4,2,0.005579278,0.005852467
256,4,2,0.035315527,0.035814153
512,4,2,0.161590999,0.164219624
1024,4,2,1.027901729,1.036096388
2048,4,2,7.245124193,7.270421636
4096,4,2,61.111727433,61.211030659
16,8,2,0.000272696,0.000312865
32,8,2,0.000582155,0.000684951
64,8,2,0.000854031,0.000922406
128,8,2,0.004466706,0.004613293
256,8,2,0.027801676,0.028791713
512,8,2,0.095468765,0.097345889
1024,8,2,0.628094346,0.636554232
2048,8,2,4.100247714,4.125769559
4096,8,2,31.923879352,32.024105288
16,12,2,0.000363846,0.000403532
32,12,2,0.000601787,0.000646429
64,12,2,0.001272166,0.001338367
128,12,2,0.003007349,0.003149063
256,12,2,0.022426312,0.022929347
512,12,2,0.064667182,0.066552863
1024,12,2,0.387910824,0.394749368
2048,12,2,2.894622003,2.921281493
4096,12,2,23.139627228,23.238163129
16,16,2,0.000445415,0.00048715
32,16,2,0.000757463,0.000814442
64,16,2,0.001304677,0.001369504
128,16,2,0.003789041,0.003953987
256,16,2,0.028780193,0.029240472
512,16,2,0.067853574,0.069828464
1024,16,2,0.49600254,0.502562763
2048,16,2,2.369909162,2.39534296
4096,16,2,17.934720897,18.034124506
16,0,3,1.3351e-05,5.1261e-05
32,0,3,9.5372e-05,0.00013814
64,0,3,0.000704245,0.000771206
128,0,3,0.005575564,0.005723981
256,0,3,0.043456051,0.043938129
512,0,3,0.343753013,0.345563246
1024,0,3,2.736362917,2.743040103
2048,0,3,22.108552476,22.154234093
4096,0,3,176.701253567,176.842833941
16,4,3,0.000176786,0.000217747
32,4,3,0.000421641,0.000516262
64,4,3,0.001147335,0.001215995
128,4,3,0.005594684,0.0059139
256,4,3,0.033337687,0.033832022
512,4,3,0.164056731,0.167002019
1024,4,3,1.022780833,1.029829671
2048,4,3,7.611584811,7.63705488
4096,4,3,61.508595677,61.609759433
16,8,3,0.000281722,0.000322187
32,8,3,0.000555748,0.000661395
64,8,3,0.001234896,0.00130252
128,8,3,0.004695806,0.005024392
256,8,3,0.028328182,0.028817389
512,8,3,0.090690376,0.09365121
1024,8,3,0.624594421,0.63135524
2048,8,3,4.042580953,4.068123467
4096,8,3,32.384629607,32.48463767
16,12,3,0.000363195,0.000403313
32,12,3,0.000542465,0.000587446
64,12,3,0.001056585,0.001123196
128,12,3,0.004884321,0.005026146
256,12,3,0.023463865,0.024117934
512,12,3,0.063856101,0.065642866
1024,12,3,0.394433761,0.401147939
2048,12,3,2.899240972,2.92439717
4096,12,3,22.864248352,22.964178608
16,16,3,0.000466945,0.000507019
32,16,3,0.000778305,0.000823583
64,16,3,0.001637658,0.001704738
128,16,3,0.004941945,0.005101423
256,16,3,0.026909492,0.027387466
512,16,3,0.069330719,0.071301246
1024,16,3,0.483888821,0.490604066
2048,16,3,2.364822014,2.390254702
4096,16,3,18.252698205,18.352767733
16,0,4,1.3374e-05,5.1228e-05
32,0,4,9.5365e-05,0.000139298
64,0,4,0.000715722,0.000781304
128,0,4,0.007006133,0.00716349
256,0,4,0.043616017,0.044102793
512,0,4,0.343912312,0.345792106
1024,0,4,2.735783963,2.742687871
2048,0,4,21.839179198,21.864554961
4096,0,4,176.529323822,176.676253082
16,4,4,0.000183687,0.000225144
32,4,4,0.000432238,0.000513174
64,4,4,0.001175974,0.001245923
128,4,4,0.005606472,0.005896495
256,4,4,0.03366402,0.034161672
512,4,4,0.161397022,0.164012923
1024,4,4,1.038551374,1.045399488
2048,4,4,7.334027219,7.359457452
4096,4,4,58.191079442,58.290418355
16,8,4,0.000293498,0.000334153
32,8,4,0.000452987,0.000498357
64,8,4,0.000964404,0.001032175
128,8,4,0.002579389,0.002729583
256,8,4,0.020708267,0.021197278
512,8,4,0.074652327,0.076523373
1024,8,4,0.565368601,0.572319348
2048,8,4,4.021558438,4.046754938
4096,8,4,32.190196734,32.289705528
16,12,4,0.000367782,0.000410224
32,12,4,0.000552287,0.000597119
64,12,4,0.001062259,0.001131735
128,12,4,0.003837049,0.003983589
256,12,4,0.02370553,0.024194527
512,12,4,0.063837135,0.065709674
1024,12,4,0.391716174,0.398605798
2048,12,4,2.891718428,2.917160182
4096,12,4,22.919663899,23.019832924
16,16,4,0.000412106,0.000451978
32,16,4,0.000734287,0.000779387
64,16,4,0.001808169,0.001871385
128,16,4,0.004477982,0.004627031
256,16,4,0.024432728,0.024901323
512,16,4,0.072248191,0.074073576
1024,16,4,0.489741343,0.49648276
2048,16,4,2.36244828,2.388191909
4096,16,4,18.385543358,18.484957802
16,0,5,1.3376e-05,5.382e-05
32,0,5,9.5551e-05,0.000137595
64,0,5,0.000755604,0.000819409
128,0,5,0.005572857,0.005721679
256,0,5,0.043641565,0.044130099
512,0,5,0.343858394,0.345725905
1024,0,5,2.746234583,2.755908069
2048,0,5,22.006557333,22.055214823
4096,0,5,176.4156663,176.562724422
16,4,5,0.000202425,0.000249216
32,4,5,0.000500026,0.000610346
64,4,5,0.001171986,0.001240118
128,4,5,0.0052674,0.005633039
256,4,5,0.035491892,0.03598723
512,4,5,0.158477522,0.161439934
1024,4,5,1.026229492,1.032964649
2048,4,5,7.237321753,7.262751787
4096,4,5,58.19630379,58.295883449
16,8,5,0.000357281,0.000397736
32,8,5,0.000423415,0.000469084
64,8,5,0.000846991,0.000920015
128,8,5,0.004238841,0.004379735
256,8,5,0.025682165,0.026164043
512,8,5,0.08395684,0.085840036
1024,8,5,0.580202185,0.587332752
2048,8,5,4.01736144,4.04271473
4096,8,5,32.041814978,32.141878383
16,12,5,0.000341726,0.00038409
32,12,5,0.000578063,0.000623083
64,12,5,0.001096556,0.00116428
128,12,5,0.004905062,0.005067274
256,12,5,0.025457979,0.025977901
512,12,5,0.065844898,0.067795012
1024,12,5,0.390312956,0.397259242
2048,12,5,2.890928358,2.916454682
4096,12,5,22.844111977,22.944414803
16,16,5,0.000461994,0.000504582
32,16,5,0.000719782,0.000765086
64,16,5,0.001497144,0.001565905
128,16,5,0.005810541,0.005967236
256,16,5,0.027376062,0.027883449
512,16,5,0.074423732,0.076276304
1024,16,5,0.470881235,0.477571243
2048,16,5,2.399913159,2.425430145
4096,16,5,17.975888238,18.07540851
16,0,6,1.3331e-05,5.2918e-05
32,0,6,9.5304e-05,0.000137497
64,0,6,0.000709487,0.000774645
128,0,6,0.005664947,0.005815628
256,0,6,0.043453424,0.043941696
512,0,6,0.344072249,0.345927179
1024,0,6,2.735710117,2.742152517
2048,0,6,22.001276464,22.047093047
4096,0,6,176.421575682,176.569048865
16,4,6,0.0001745,0.000214878
32,4,6,0.000497146,0.000600364
64,4,6,0.001100944,0.001168583
128,4,6,0.005115378,0.005443721
256,4,6,0.038813087,0.039256005
512,4,6,0.155881295,0.158673642
1024,4,6,1.027525913,1.034202081
2048,4,6,7.291370636,7.316747819
4096,4,6,58.433055592,58.533260332
16,8,6,0.000299429,0.000343786
32,8,6,0.000457733,0.000503957
64,8,6,0.000816717,0.000889073
128,8,6,0.00387618,0.004027961
256,8,6,0.024662711,0.02515146
512,8,6,0.073738099,0.075637329
1024,8,6,0.56617124,0.573319154
2048,8,6,4.079030858,4.104401443
4096,8,6,32.011734277,32.111647328
16,12,6,0.000352814,0.000393151
32,12,6,0.000545824,0.000589115
64,12,6,0.001181977,0.00124917
128,12,6,0.004405124,0.004554029
256,12,6,0.020919105,0.021396932
512,12,6,0.065054429,0.066937068
1024,12,6,0.395638609,0.402459856
2048,12,6,2.893634698,2.919170182
4096,12,6,22.859246151,22.958561493
16,16,6,0.000454539,0.000503012
32,16,6,0.000691337,0.000737333
64,16,6,0.001578461,0.001644428
128,16,6,0.006686598,0.006845565
256,16,6,0.023276515,0.023758112
512,16,6,0.069239335,0.071090704
1024,16,6,0.491245933,0.497875856
2048,16,6,2.35904847,2.384530597
4096,16,6,18.405338999,18.505188464
16,0,7,1.3297e-05,5.9157e-05
32,0,7,9.5215e-05,0.000138139
64,0,7,0.000704521,0.000771866
128,0,7,0.006508406,0.006702718
256,0,7,0.043551437,0.04404327
512,0,7,0.344080574,0.345915793
1024,0,7,2.736561527,2.743292512
2048,0,7,21.939777465,21.976339713
4096,0,7,176.905118633,177.004979108
16,4,7,0.000178902,0.000219504
32,4,7,0.000457321,0.000559372
64,4,7,0.001013009,0.001082476
128,4,7,0.005719339,0.006015735
256,4,7,0.035784403,0.036260408
512,4,7,0.161811324,0.164644713
1024,4,7,1.025351136,1.032092905
2048,4,7,7.235009882,7.260439552
4096,4,7,60.747856466,60.848146068
16,8,7,0.000275743,0.000316627
32,8,7,0.000436551,0.000483132
64,8,7,0.001290281,0.001358119
128,8,7,0.003872093,0.004013551
256,8,7,0.02075717,0.021255111
512,8,7,0.073649975,0.075513965
1024,8,7,0.564045048,0.570638331
2048,8,7,4.02201262,4.04734235
4096,8,7,31.93134029,32.030993731
16,12,7,0.000388949,0.00042924
32,12,7,0.000565576,0.000608915
64,12,7,0.001187588,0.00125604
128,12,7,0.005008619,0.005161521
256,12,7,0.024346336,0.02482061
512,12,7,0.070097687,0.071966418
1024,12,7,0.387633473,0.394731002
2048,12,7,2.89056328,2.916174039
4096,12,7,22.85493851,22.956084344
16,16,7,0.000455251,0.000496886
32,16,7,0.000788344,0.000834384
64,16,7,0.00131479,0.001390368
128,16,7,0.00573188,0.005875695
256,16,7,0.028670027,0.029174939
512,16,7,0.070050422,0.071884369
1024,16,7,0.48488785,0.491861845
2048,16,7,2.372619154,2.398088721
4096,16,7,18.173174468,18.272194657
16,0,8,1.3381e-05,6.4345e-05
32,0,8,0.000101597,0.000145014
64,0,8,0.000705536,0.000771155
128,0,8,0.005614879,0.005761197
256,0,8,0.043545576,0.04402107
512,0,8,0.344014056,0.345906906
1024,0,8,2.736933879,2.743555094
2048,0,8,22.00504397,22.053864123
4096,0,8,176.408700295,176.508987338
16,4,8,0.000205067,0.000245956
32,4,8,0.00048653,0.000598081
64,4,8,0.001116095,0.001185102
128,4,8,0.005241859,0.005573477
256,4,8,0.03494171,0.03543271
512,4,8,0.159340156,0.162323849
1024,4,8,1.032986216,1.039829137
2048,4,8,7.234329719,7.259732069
4096,4,8,58.905026667,59.00461632
16,8,8,0.000279439,0.000320246
32,8,8,0.000433637,0.000486243
64,8,8,0.001059402,0.001131
128,8,8,0.003935661,0.004085354
256,8,8,0.024722507,0.025212459
512,8,8,0.077203538,0.07910369
1024,8,8,0.565733129,0.572441087
2048,8,8,4.020298947,4.046263088
4096,8,8,32.914352123,33.014026188
16,12,8,0.000373029,0.000413624
32,12,8,0.000602394,0.000647528
64,12,8,0.001107147,0.001174314
128,12,8,0.005218191,0.005372859
256,12,8,0.021765134,0.022253495
512,12,8,0.063142261,0.065051699
1024,12,8,0.392167906,0.398921755
2048,12,8,2.893908931,2.919180959
4096,12,8,22.966358414,23.066655661
16,16,8,0.000438366,0.000478503
32,16,8,0.000736143,0.000781432
64,16,8,0.001813507,0.001876753
128,16,8,0.006872536,0.007018278
256,16,8,0.025987434,0.026452811
512,16,8,0.068071271,0.069981714
1024,16,8,0.487635056,0.494278396
2048,16,8,2.361936482,2.38740293
4096,16,8,18.001801836,18.101523499
16,0,9,1.417e-05,7.0744e-05
32,0,9,9.7924e-05,0.000141245
64,0,9,0.000710777,0.00078034
128,0,9,0.005607571,0.005755336
256,0,9,0.043615223,0.044101663
512,0,9,0.344229451,0.346084558
1024,0,9,2.735632046,2.742492964
2048,0,9,22.002462342,22.050524942
4096,0,9,176.315023742,176.462148118
16,4,9,0.000187754,0.000229161
32,4,9,0.000454087,0.000551379
64,4,9,0.001060908,0.001130483
128,4,9,0.005366312,0.005707964
256,4,9,0.035240969,0.035732348
512,4,9,0.159753228,0.162846561
1024,4,9,1.024869482,1.031719076
2048,4,9,7.236114778,7.261424675
4096,4,9,60.13693709,60.236976051
16,8,9,0.000267305,0.000307921
32,8,9,0.00040874,0.000454251
64,8,9,0.000990852,0.001056761
128,8,9,0.003634537,0.003779494
256,8,9,0.021067779,0.021552555
512,8,9,0.073680551,0.075575886
1024,8,9,0.559604804,0.566250462
2048,8,9,4.0137895,4.039326003
4096,8,9,32.311955823,32.412202969
16,12,9,0.000391432,0.000431868
32,12,9,0.000577537,0.000622563
64,12,9,0.001408861,0.001475776
128,12,9,0.003770138,0.003922465
256,12,9,0.021010626,0.021487277
512,12,9,0.065040434,0.06699763
1024,12,9,0.398755686,0.405235817
2048,12,9,2.892165366,2.917720175
4096,12,9,23.122542769,23.222657068
16,16,9,0.000447193,0.000487575
32,16,9,0.000860331,0.000906718
64,16,9,0.00178601,0.001853684
128,16,9,0.020849462,0.021002636
256,16,9,0.028759912,0.029235074
512,16,9,0.073545245,0.075422242
1024,16,9,0.476071304,0.483418736
2048,16,9,2.35668714,2.381851394
4096,16,9,18.183697294,18.283087364
16,0,10,1.4194e-05,5.3819e-05
32,0,10,0.000101248,0.000143886
64,0,10,0.000759066,0.000825402
128,0,10,0.005597141,0.005746168
256,0,10,0.043522006,0.043997603
512,0,10,0.344003649,0.345895826
1024,0,10,2.735431964,2.742401775
2048,0,10,21.989175192,22.03315492
4096,0,10,176.427438048,176.578408612
16,4,10,0.000181432,0.000222002
32,4,10,0.00040991,0.000489148
64,4,10,0.00104159,0.001108963
128,4,10,0.005649637,0.005918836
256,4,10,0.03352528,0.034003584
512,4,10,0.161910873,0.164615707
1024,4,10,1.049181303,1.056302361
2048,4,10,7.51326548,7.5385235
4096,4,10,61.162903613,61.26241861
16,8,10,0.000267462,0.000308573
32,8,10,0.000475367,0.000520889
64,8,10,0.00100007,0.001067708
128,8,10,0.004844367,0.004991221
256,8,10,0.028323849,0.028813012
512,8,10,0.091412567,0.093306731
1024,8,10,0.6284955,0.635187453
2048,8,10,4.114158841,4.1396121
4096,8,10,32.289017911,32.388311125
16,12,10,0.000362634,0.000403234
32,12,10,0.000551096,0.000596932
64,12,10,0.001129312,0.001196234
128,12,10,0.005062015,0.005203754
256,12,10,0.024397075,0.024870571
512,12,10,0.067462663,0.069399463
1024,12,10,0.401504193,0.40817907
2048,12,10,2.904133896,2.92956383
4096,12,10,22.902534471,23.001553269
16,16,10,0.000500179,0.000542346
32,16,10,0.000681172,0.00072585
64,16,10,0.00169613,0.00176409
128,16,10,0.004838025,0.00500451
256,16,10,0.028121865,0.028584945
512,16,10,0.068298195,0.070195606
1024,16,10,0.482051228,0.488556759
2048,16,10,2.354791333,2.380281941
4096,16,10,17.997630133,18.097596579
16,0,11,1.3332e-05,5.1199e-05
32,0,11,9.5575e-05,0.00013823
64,0,11,0.000713628,0.000778618
128,0,11,0.005624328,0.005773087
256,0,11,0.043446067,0.043929349
512,0,11,0.343841492,0.345814854
1024,0,11,2.742449486,2.751344744
2048,0,11,21.873693859,21.904827749
4096,0,11,177.302136598,177.449339027
16,4,11,0.000187138,0.000228754
32,4,11,0.000392336,0.000501151
64,4,11,0.001104867,0.001172562
128,4,11,0.005692374,0.005989099
256,4,11,0.036414812,0.036906575
512,4,11,0.160304752,0.16312403
1024,4,11,1.022899475,1.029750191
2048,4,11,7.236351916,7.261834383
4096,4,11,58.216375223,58.316209113
16,8,11,0.000315872,0.000356956
32,8,11,0.000447563,0.00049673
64,8,11,0.000912618,0.000979054
128,8,11,0.003872704,0.004028408
256,8,11,0.022351237,0.02282453
512,8,11,0.07461733,0.076409889
1024,8,11,0.563222747,0.569958263
2048,8,11,4.024210188,4.049297142
4096,8,11,32.096429962,32.196089638
16,12,11,0.000441645,0.000481577
32,12,11,0.001119317,0.001205353
64,12,11,0.001207847,0.001274461
128,12,11,0.005538532,0.005679672
256,12,11,0.025198145,0.025678377
512,12,11,0.062071652,0.06393262
1024,12,11,0.393147363,0.399823116
2048,12,11,2.896438861,2.921714296
4096,12,11,22.893073591,22.992926014
16,16,11,0.001133284,0.001173857
32,16,11,0.000697201,0.000752611
64,16,11,0.001782879,0.001851144
128,16,11,0.005525903,0.005721115
256,16,11,0.027882084,0.028361569
512,16,11,0.072368308,0.074327218
1024,16,11,0.49114945,0.498016681
2048,16,11,2.357447969,2.382652653
4096,16,11,18.374879946,18.474048427
16,0,12,1.3315e-05,5.2738e-05
32,0,12,9.5243e-05,0.00013723
64,0,12,0.000718978,0.000784165
128,0,12,0.00559405,0.005741352
256,0,12,0.043502569,0.043980473
512,0,12,0.343972796,0.345822155
1024,0,12,2.734481099,2.741281444
2048,0,12,22.005989262,22.048162008
4096,0,12,176.437437486,176.582728037
16,4,12,0.000227035,0.000269527
32,4,12,0.000453487,0.000548756
64,4,12,0.001027952,0.001096184
128,4,12,0.005479855,0.005794143
256,4,12,0.035475329,0.035999577
512,4,12,0.160213519,0.163211632
1024,4,12,1.020535377,1.027286998
2048,4,12,7.236742205,7.261980511
4096,4,12,58.117390942,58.217401252
16,8,12,0.000246944,0.00028743
32,8,12,0.000426439,0.000471681
64,8,12,0.000982218,0.001048936
128,8,12,0.00295577,0.003097646
256,8,12,0.020537997,0.02102036
512,8,12,0.07291325,0.07474495
1024,8,12,0.563576103,0.570274058
2048,8,12,4.020404808,4.045776629
4096,8,12,32.335073245,32.441959183
16,12,12,0.00035453,0.000395092
32,12,12,0.000542276,0.00058765
64,12,12,0.00130393,0.001378794
128,12,12,0.003098672,0.003257171
256,12,12,0.019099396,0.019598819
512,12,12,0.068457322,0.070424428
1024,12,12,0.388402989,0.39521682
2048,12,12,2.973204549,2.998828334
4096,12,12,22.931254715,23.030831011
16,16,12,0.000438618,0.000479124
32,16,12,0.000729983,0.000776684
64,16,12,0.001589387,0.001656356
128,16,12,0.007600777,0.007750196
256,16,12,0.028247044,0.028745693
512,16,12,0.073239699,0.075051828
1024,16,12,0.460718472,0.467901073
2048,16,12,2.374038243,2.39901668
4096,16,12,18.121909879,18.221591258
16,0,13,1.3291e-05,5.1245e-05
32,0,13,9.5407e-05,0.000139121
64,0,13,0.000710476,0.000776716
128,0,13,0.005651921,0.005798908
256,0,13,0.043539438,0.044016827
512,0,13,0.343883606,0.345770115
1024,0,13,2.736342118,2.743393875
2048,0,13,22.02011055,22.070585724
4096,0,13,177.256669886,177.400558806
16,4,13,0.000183455,0.000224912
32,4,13,0.000401021,0.00049133
64,4,13,0.001125266,0.001195288
128,4,13,0.005188229,0.005486166
256,4,13,0.035542512,0.036021281
512,4,13,0.160161715,0.162875937
1024,4,13,1.023398784,1.030070274
2048,4,13,7.239478603,7.265057992
4096,4,13,61.241825553,61.340932007
16,8,13,0.000240106,0.000278212
32,8,13,0.000381828,0.000438004
64,8,13,0.001038072,0.001099923
128,8,13,0.002967086,0.003103227
256,8,13,0.019062427,0.01959774
512,8,13,0.070848248,0.072690945
1024,8,13,0.567831234,0.57469148
2048,8,13,4.128864431,4.153769462
4096,8,13,33.078997084,33.177332773
16,12,13,0.000361782,0.000400299
32,12,13,0.000502441,0.000544337
64,12,13,0.001138722,0.001201055
128,12,13,0.00437065,0.004518337
256,12,13,0.023197039,0.023644942
512,12,13,0.06307316,0.064857217
1024,12,13,0.398062128,0.404752834
2048,12,13,2.983729332,3.008692333
4096,12,13,23.586007018,23.684583402
16,16,13,0.099211507,0.099252728
32,16,13,0.201930603,0.201981213
64,16,13,0.39996077,0.400036069
128,16,13,0.79708642,0.797250502
256,16,13,1.592484969,1.593037445
512,16,13,3.272003721,3.274087496
1024,16,13,6.915761286,6.922485994
2048,16,13,16.576300729,16.601432889
4096,16,13,59.511233731,59.61009965
16,0,14,1.3784e-05,6.1204e-05
32,0,14,0.000108631,0.000162671
64,0,14,0.000751722,0.000824545
128,0,14,0.005657021,0.005802281
256,0,14,0.043668898,0.044128599
512,0,14,0.34496874,0.346760662
1024,0,14,2.742516373,2.748958707
2048,0,14,21.954889907,21.980095907
4096,0,14,175.89861038,175.997383956
16,4,14,0.000156545,0.000207297
32,4,14,0.000303186,0.000349116
64,4,14,0.000642135,0.000704948
128,4,14,0.002728813,0.002878343
256,4,14,0.019101226,0.019555719
512,4,14,0.123815924,0.125672898
1024,4,14,0.973423949,0.979882196
2048,4,14,7.700786295,7.725935209
4096,4,14,63.621102442,63.720251163
16,8,14,0.000280113,0.000318004
32,8,14,0.000397518,0.00043864
64,8,14,0.000806653,0.000866752
128,8,14,0.003232071,0.003367062
256,8,14,0.023936076,0.02437467
512,8,14,0.074135215,0.07601045
1024,8,14,0.567918158,0.574460995
2048,8,14,4.128730883,4.153666846
4096,8,14,32.98750565,33.086604329
16,12,14,0.000329072,0.000366601
32,12,14,0.000513372,0.000554454
64,12,14,0.001512717,0.001573192
128,12,14,0.006142,0.00628067
256,12,14,0.021189903,0.0216288
512,12,14,0.071724439,0.073497518
1024,12,14,0.394215125,0.401120023
2048,12,14,2.978785791,3.003533353
4096,12,14,23.627393884,23.726192804
16,16,14,0.099237041,0.099274976
32,16,14,0.199653312,0.199703529
64,16,14,0.234126482,0.234200418
128,16,14,0.804090638,0.804265512
256,16,14,1.620467741,1.621023211
512,16,14,3.284044309,3.286187061
1024,16,14,6.96339885,6.970382425
2048,16,14,16.891242981,16.916869835
4096,16,14,58.935675194,59.038841702
16,0,15,1.3332e-05,4.9265e-05
32,0,15,9.5412e-05,0.000135232
64,0,15,0.000728105,0.000791878
128,0,15,0.005596885,0.005728581
256,0,15,0.043717065,0.044150784
512,0,15,0.344189104,0.345943417
1024,0,15,2.736677749,2.743169485
2048,0,15,21.847077842,21.871955902
4096,0,15,175.721191178,175.820034429
16,4,15,0.000149788,0.000187658
32,4,15,0.000314293,0.000355662
64,4,15,0.000764793,0.000826571
128,4,15,0.002716251,0.002851
256,4,15,0.018732863,0.019184884
512,4,15,0.124252624,0.126022935
1024,4,15,0.97287914,0.979476298
2048,4,15,7.667172636,7.692102219
4096,4,15,61.936564918,62.035160529
16,8,15,0.000265548,0.000320331
32,8,15,0.000390946,0.000439175
64,8,15,0.001250329,0.001311505
128,8,15,0.003668992,0.003802944
256,8,15,0.021541562,0.021985303
512,8,15,0.081394998,0.083091973
1024,8,15,0.567529152,0.574079186
2048,8,15,4.133820207,4.159017541
4096,8,15,33.192505464,33.291058737
16,12,15,0.000368089,0.000405574
32,12,15,0.000548928,0.000590388
64,12,15,0.00112546,0.001187142
128,12,15,0.004819549,0.004964027
256,12,15,0.021670915,0.022143114
512,12,15,0.06231935,0.064001964
1024,12,15,0.401728394,0.408459462
2048,12,15,2.984179365,3.009287569
4096,12,15,23.686580935,23.785560206
16,16,15,0.10224241,0.102280096
32,16,15,0.202082698,0.202133182
64,16,15,0.401740281,0.401815417
128,16,15,0.809406661,0.809571788
256,16,15,1.632166721,1.632739362
512,16,15,3.305598236,3.307746894
1024,16,15,7.015693965,7.023016488
2048,16,15,16.963490341,16.989234456
4096,16,15,58.046376165,58.152601602
16,0,16,1.3441e-05,4.8473e-05
32,0,16,9.5243e-05,0.000134907
64,0,16,0.000710251,0.000769851
128,0,16,0.005535596,0.005667805
256,0,16,0.043502688,0.043939928
512,0,16,0.344151911,0.345902765
1024,0,16,2.737114027,2.743733482
2048,0,16,21.844831147,21.869435925
4096,0,16,175.726654609,175.82543405
16,4,16,0.000175961,0.000224946
32,4,16,0.000268266,0.000309618
64,4,16,0.000614856,0.000676222
128,4,16,0.002843436,0.002979061
256,4,16,0.019096723,0.019551657
512,4,16,0.128704214,0.130475458
1024,4,16,0.97195187,0.97884626
2048,4,16,7.673800463,7.698844691
4096,4,16,63.034271296,63.132694748
16,8,16,0.000326304,0.000364308
32,8,16,0.000404969,0.000447485
64,8,16,0.000829456,0.00089162
128,8,16,0.003075646,0.003233956
256,8,16,0.024251513,0.024711371
512,8,16,0.072330125,0.073994052
1024,8,16,0.571850126,0.578496812
2048,8,16,4.139313511,4.164231559
4096,8,16,33.43589701,33.534521458
16,12,16,0.000372828,0.000409935
32,12,16,0.000555426,0.000596526
64,12,16,0.001091709,0.001152026
128,12,16,0.002716665,0.002860065
256,12,16,0.023716423,0.024176917
512,12,16,0.063358058,0.065134026
1024,12,16,0.393905763,0.399908942
2048,12,16,2.979698797,3.00476943
4096,12,16,23.720115204,23.819322522
16,16,16,0.101765103,0.101802311
32,16,16,0.201501296,0.201550199
64,16,16,0.409749411,0.409822866
128,16,16,0.818723453,0.818887108
256,16,16,1.638007133,1.638587112
512,16,16,3.347731192,3.349795885
1024,16,16,6.766787615,6.774070655
2048,16,16,16.756554685,16.782518394
4096,16,16,57.618415491,57.717717263
16,0,17,1.3322e-05,4.872e-05
32,0,17,9.5089e-05,0.000135194
64,0,17,0.000710521,0.000769302
128,0,17,0.005586033,0.005718142
256,0,17,0.043838296,0.044263499
512,0,17,0.343811387,0.345651118
1024,0,17,2.736679664,2.743600319
2048,0,17,21.842313764,21.866778268
4096,0,17,175.712349336,175.810704826
16,4,17,0.000141599,0.000179403
32,4,17,0.000278449,0.000319678
64,4,17,0.000627526,0.000688682
128,4,17,0.002874398,0.003009078
256,4,17,0.018950547,0.019385976
512,4,17,0.126318827,0.128038661
1024,4,17,0.972732846,0.979384853
2048,4,17,7.663966373,7.688960288
4096,4,17,62.242590989,62.340889112
16,8,17,0.000254711,0.000292762
32,8,17,0.000386798,0.000442056
64,8,17,0.000835908,0.000899059
128,8,17,0.003213473,0.003355892
256,8,17,0.02279242,0.023231307
512,8,17,0.073471848,0.075164468
1024,8,17,0.569391481,0.576198225
2048,8,17,4.246603801,4.271291055
4096,8,17,34.163070884,34.261661979
16,12,17,0.000353919,0.000391914
32,12,17,0.00052017,0.000561799
64,12,17,0.001075999,0.001137591
128,12,17,0.002536578,0.002678376
256,12,17,0.021896305,0.022351168
512,12,17,0.061708066,0.063481268
1024,12,17,0.397455396,0.404045878
2048,12,17,2.991246365,3.016236274
4096,12,17,23.631729189,23.729893895
16,16,17,0.096740948,0.096778395
32,16,17,0.199007641,0.199063589
64,16,17,0.395546262,0.395621122
128,16,17,0.800083374,0.800256278
256,16,17,1.612089757,1.612645415
512,16,17,3.281458428,3.28364933
1024,16,17,6.92305009,6.930558486
2048,16,17,16.96609099,16.992288103
4096,16,17,57.70119571,57.804358231
16,0,18,1.3353e-05,5.9993e-05
32,0,18,0.000101381,0.000141602
64,0,18,0.000727083,0.000786525
128,0,18,0.005676284,0.005809373
256,0,18,0.043623867,0.04405336
512,0,18,0.34430988,0.346091319
1024,0,18,2.737967039,2.744561998
2048,0,18,21.846842373,21.871777624
4096,0,18,176.035975931,176.13481787
16,4,18,0.000262496,0.000345824
32,4,18,0.000375341,0.000433106
64,4,18,0.001167309,0.001313112
128,4,18,0.005360602,0.005566927
256,4,18,0.033761986,0.034667968
512,4,18,0.160370276,0.162721846
1024,4,18,1.015424203,1.023755504
2048,4,18,7.238213614,7.263430347
4096,4,18,62.55787663,62.657113699
16,8,18,0.000262825,0.00031136
32,8,18,0.000424381,0.000470755
64,8,18,0.00100858,0.001078687
128,8,18,0.003133543,0.003377813
256,8,18,0.024817759,0.025300009
512,8,18,0.084909063,0.087378045
1024,8,18,0.607860851,0.614447113
2048,8,18,4.061628954,4.086949642
4096,8,18,31.919925266,32.020591434
16,12,18,0.000364722,0.000405587
32,12,18,0.000611945,0.000657045
64,12,18,0.001096858,0.001165138
128,12,18,0.002784365,0.002923997
256,12,18,0.024999131,0.025478362
512,12,18,0.069839153,0.071718339
1024,12,18,0.418145494,0.424688584
2048,12,18,2.896175115,2.921648313
4096,12,18,22.976694265,23.113819066
16,16,18,0.000490794,0.000533211
32,16,18,0.000738421,0.000783179
64,16,18,0.016395784,0.016466482
128,16,18,0.004819702,0.004967918
256,16,18,0.028284152,0.028804493
512,16,18,0.071153086,0.072996977
1024,16,18,0.470740244,0.477634404
2048,16,18,2.350587706,2.376265257
4096,16,18,17.946220488,18.045643027
16,0,19,1.3325e-05,5.2945e-05
32,0,19,9.5451e-05,0.000149761
64,0,19,0.000710928,0.000779555
128,0,19,0.005585015,0.005735431
256,0,19,0.043386926,0.04389061
512,0,19,0.343917265,0.345758973
1024,0,19,2.735579117,2.74239199
2048,0,19,21.954236011,21.992032828
4096,0,19,176.875522483,177.026951557
16,4,19,0.000175951,0.000216909
32,4,19,0.00044925,0.000538683
64,4,19,0.001113703,0.001184139
128,4,19,0.005655981,0.005959731
256,4,19,0.036006349,0.036492346
512,4,19,0.162786401,0.165587346
1024,4,19,1.035834113,1.042328842
2048,4,19,7.240929833,7.266323929
4096,4,19,58.212005934,58.311538085
16,8,19,0.000297777,0.00033752
32,8,19,0.000503298,0.00054926
64,8,19,0.001168103,0.001239163
128,8,19,0.004090487,0.0042501
256,8,19,0.018999147,0.019451899
512,8,19,0.073152766,0.074987527
1024,8,19,0.563813129,0.570365271
2048,8,19,4.02055899,4.046114541
4096,8,19,32.025974811,32.125411998
16,12,19,0.000380656,0.000420084
32,12,19,0.00054959,0.000633749
64,12,19,0.001105778,0.001173509
128,12,19,0.005110455,0.005254712
256,12,19,0.020419925,0.020883498
512,12,19,0.068157763,0.069990508
1024,12,19,0.391460254,0.398344264
2048,12,19,2.894455188,2.919977964
4096,12,19,22.843568702,22.943119337
16,16,19,0.000449293,0.000489732
32,16,19,0.000712588,0.000756989
64,16,19,0.001445035,0.001512874
128,16,19,0.006623986,0.006765918
256,16,19,0.028384178,0.028853142
512,16,19,0.072032101,0.073817068
1024,16,19,0.484705453,0.491697334
2048,16,19,2.350993381,2.376372206
4096,16,19,18.076744827,18.176211463
16,0,20,1.3361e-05,5.18e-05
32,0,20,9.5495e-05,0.00013688
64,0,20,0.000709944,0.000779551
128,0,20,0.005576701,0.005723253
256,0,20,0.043507648,0.043993174
512,0,20,0.363415554,0.365230238
1024,0,20,2.869728324,2.87693132
2048,0,20,21.843436306,21.868995448
4096,0,20,176.681681527,176.828390101
16,4,20,0.000180473,0.000221504
32,4,20,0.000424021,0.000528787
64,4,20,0.001096427,0.001164284
128,4,20,0.005512237,0.005819224
256,4,20,0.031917449,0.032415768
512,4,20,0.160376076,0.163199828
1024,4,20,1.061901755,1.068691938
2048,4,20,7.236611908,7.261911721
4096,4,20,62.282841649,62.382752813
16,8,20,0.000259158,0.000297612
32,8,20,0.000517247,0.000627973
64,8,20,0.00131368,0.001382813
128,8,20,0.003739602,0.004068762
256,8,20,0.02800594,0.028511563
512,8,20,0.106463451,0.109678639
1024,8,20,0.636717621,0.643481195
2048,8,20,4.019778416,4.045572878
4096,8,20,32.689526663,32.788772749
16,12,20,0.000374495,0.000415608
32,12,20,0.000552381,0.000609189
64,12,20,0.001110723,0.001197372
128,12,20,0.004500743,0.004657544
256,12,20,0.024862973,0.025479971
512,12,20,0.069783351,0.071627489
1024,12,20,0.383790745,0.391094728
2048,12,20,2.894753879,2.919992623
4096,12,20,22.883816451,22.984092879
16,16,20,0.000439804,0.000505782
32,16,20,0.000789675,0.000833375
64,16,20,0.001737821,0.001805346
128,16,20,0.005541213,0.005691132
256,16,20,0.026799617,0.0272628
512,16,20,0.071331829,0.073151211
1024,16,20,0.489439018,0.496482851
2048,16,20,2.359967882,2.385241968
4096,16,20,18.066031481,18.166222095
16,0,21,1.3379e-05,5.1517e-05
32,0,21,9.5486e-05,0.000144171
64,0,21,0.000712043,0.00077811
128,0,21,0.005586704,0.005736789
256,0,21,0.043587981,0.044070232
512,0,21,0.34430101,0.346152656
1024,0,21,2.74642643,2.755797586
2048,0,21,21.925551008,21.960158347
4096,0,21,176.789075743,176.936100743
16,4,21,0.000182513,0.00022403
32,4,21,0.000477624,0.000580133
64,4,21,0.001154368,0.001221905
128,4,21,0.005300991,0.005622852
256,4,21,0.033638734,0.034132901
512,4,21,0.161129911,0.164072038
1024,4,21,1.033903851,1.040801097
2048,4,21,7.233310183,7.258804324
4096,4,21,61.465233856,61.564851587
16,8,21,0.000303571,0.000348877
32,8,21,0.000431362,0.000475921
64,8,21,0.000936178,0.001003865
128,8,21,0.003356911,0.003506616
256,8,21,0.021055444,0.021524407
512,8,21,0.074976239,0.076802777
1024,8,21,0.56604898,0.573224369
2048,8,21,4.017796309,4.043023716
4096,8,21,31.990836598,32.090829351
16,12,21,0.000389902,0.000430216
32,12,21,0.000599752,0.000642563
64,12,21,0.001128187,0.001195003
128,12,21,0.006328812,0.006473992
256,12,21,0.018906335,0.019382095
512,12,21,0.066719831,0.068582757
1024,12,21,0.39309971,0.400298028
2048,12,21,2.896110966,2.921329118
4096,12,21,22.91940644,23.0203871
16,16,21,0.000452332,0.000492418
32,16,21,0.001328154,0.001373578
64,16,21,0.008988203,0.009050471
128,16,21,0.004705596,0.004865818
256,16,21,0.025256331,0.025720113
512,16,21,0.06866322,0.07047306
1024,16,21,0.503065455,0.509725032
2048,16,21,2.355323559,2.381038387
4096,16,21,18.000140376,18.098933818
16,0,22,2.4296e-05,8.3207e-05
32,0,22,9.5463e-05,0.000138467
64,0,22,0.000739097,0.000840101
128,0,22,0.005621341,0.005768439
256,0,22,0.045801089,0.046391439
512,0,22,0.344127094,0.345994788
1024,0,22,2.736169339,2.742636873
2048,0,22,21.852620344,21.883525149
4096,0,22,176.437451111,176.590329394
16,4,22,0.000190076,0.000230976
32,4,22,0.000423087,0.00052609
64,4,22,0.001069612,0.001138426
128,4,22,0.005401593,0.005726423
256,4,22,0.036163584,0.036649656
512,4,22,0.159772072,0.162630838
1024,4,22,1.020163831,1.027152495
2048,4,22,7.23677922,7.262244171
4096,4,22,58.547796058,58.647148916
16,8,22,0.000269699,0.000309912
32,8,22,0.000504712,0.000547187
64,8,22,0.000945407,0.001019222
128,8,22,0.003801543,0.003955646
256,8,22,0.019201603,0.01969563
512,8,22,0.083570379,0.085388479
1024,8,22,0.571581291,0.578209493
2048,8,22,4.021299207,4.047172795
4096,8,22,31.939886118,32.04002689
16,12,22,0.000355852,0.000395812
32,12,22,0.000536268,0.000580117
64,12,22,0.001115991,0.001182448
128,12,22,0.003741994,0.003898767
256,12,22,0.01976973,0.020257221
512,12,22,0.06987553,0.071692756
1024,12,22,0.390297684,0.397108941
2048,12,22,2.89809337,2.923432345
4096,12,22,22.835566703,22.935549469
16,16,22,0.000468344,0.000508403
32,16,22,0.000726024,0.000785512
64,16,22,0.00124501,0.001315568
128,16,22,0.003330495,0.003472873
256,16,22,0.027780384,0.028251785
512,16,22,0.069544775,0.071381074
1024,16,22,0.468108919,0.475225697
2048,16,22,2.360349502,2.385806917
4096,16,22,18.146916262,18.247083515
16,0,23,1.4194e-05,6.2547e-05
32,0,23,9.5507e-05,0.000149681
64,0,23,0.000705412,0.000770867
128,0,23,0.005620286,0.005784289
256,0,23,0.04339261,0.043867245
512,0,23,0.344369541,0.34622592
1024,0,23,2.735959398,2.742488819
2048,0,23,21.901570227,21.934268648
4096,0,23,176.566180014,176.712839971
16,4,23,0.000209386,0.000250967
32,4,23,0.000358126,0.000432779
64,4,23,0.000986221,0.001054438
128,4,23,0.004925093,0.00514511
256,4,23,0.03355091,0.034041938
512,4,23,0.157727506,0.160066474
1024,4,23,1.010852862,1.017890332
2048,4,23,7.449089956,7.474545514
4096,4,23,61.167290062,61.266961046
16,8,23,0.00025673,0.000296848
32,8,23,0.000443789,0.00051314
64,8,23,0.000845336,0.000912733
128,8,23,0.003600905,0.003747316
256,8,23,0.023818672,0.024289031
512,8,23,0.076728328,0.078566233
1024,8,23,0.57483878,0.581535364
2048,8,23,4.103792071,4.128995973
4096,8,23,32.373139367,32.472660453
16,12,23,0.000390697,0.000433072
32,12,23,0.000528323,0.000572765
64,12,23,0.001108207,0.001175478
128,12,23,0.006658053,0.006809211
256,12,23,0.023948132,0.024449473
512,12,23,0.063740146,0.065583022
1024,12,23,0.389678995,0.396478718
2048,12,23,2.895598761,2.920937303
4096,12,23,22.859634472,22.960256348
16,16,23,0.000442112,0.000482665
32,16,23,0.0007117,0.00075596
64,16,23,0.001589442,0.001656155
128,16,23,0.005317258,0.005457395
256,16,23,0.0238734,0.024342421
512,16,23,0.070401847,0.072293594
1024,16,23,0.491543668,0.498304383
2048,16,23,2.377117494,2.402547387
4096,16,23,18.203772533,18.304236732
16,0,24,1.3371e-05,5.1065e-05
32,0,24,9.5578e-05,0.000138169
64,0,24,0.000704447,0.000769293
128,0,24,0.005541553,0.005689392
256,0,24,0.043807623,0.044290618
512,0,24,0.343878138,0.345729545
1024,0,24,2.736318547,2.743099812
2048,0,24,21.847403399,21.873005326
4096,0,24,176.884611787,177.028590306
16,4,24,0.000177177,0.000217967
32,4,24,0.000501091,0.000602698
64,4,24,0.00106482,0.001132663
128,4,24,0.005151414,0.005480993
256,4,24,0.032546781,0.033033414
512,4,24,0.157565083,0.16048015
1024,4,24,1.019477293,1.026406257
2048,4,24,7.237228816,7.262527971
4096,4,24,58.153973857,58.254351515
16,8,24,0.000264714,0.000304177
32,8,24,0.000411521,0.000454725
64,8,24,0.000983596,0.001050544
128,8,24,0.002941022,0.003087102
256,8,24,0.024317025,0.024790753
512,8,24,0.074335671,0.076164183
1024,8,24,0.562138772,0.56892247
2048,8,24,4.023272235,4.048603543
4096,8,24,32.264534314,32.365102107
16,12,24,0.000358303,0.000406959
32,12,24,0.000560621,0.000605966
64,12,24,0.001133524,0.001201512
128,12,24,0.004912052,0.005072792
256,12,24,0.021825723,0.022316109
512,12,24,0.064339607,0.066230496
1024,12,24,0.391218383,0.397946863
2048,12,24,2.896325699,2.921643322
4096,12,24,23.421570346,23.521595328
16,16,24,0.000408723,0.000449186
32,16,24,0.000822276,0.000867475
64,16,24,0.001621984,0.001689369
128,16,24,0.004257877,0.004408025
256,16,24,0.02820662,0.028682383
512,16,24,0.070617509,0.072483156
1024,16,24,0.452650042,0.459773474
2048,16,24,2.360784987,2.386148574
4096,16,24,18.149100318,18.248856243
16,0,25,1.3338e-05,5.1059e-05
32,0,25,9.5083e-05,0.000137477
64,0,25,0.000705177,0.000766545
128,0,25,0.005575317,0.005721042
256,0,25,0.043477502,0.04398282
512,0,25,0.344352724,0.346111341
1024,0,25,2.849314561,2.855834712
2048,0,25,21.838493586,21.866461316
4096,0,25,176.035540075,176.181703093
16,4,25,0.000180213,0.000232733
32,4,25,0.000287881,0.000332521
64,4,25,0.000639227,0.000701158
128,4,25,0.002736031,0.002888106
256,4,25,0.024905984,0.025368591
512,4,25,0.124770962,0.126518147
1024,4,25,0.971052701,0.978009523
2048,4,25,7.665414559,7.690399682
4096,4,25,61.614807602,61.713968975
16,8,25,0.000309049,0.000350756
32,8,25,0.000399479,0.000445487
64,8,25,0.000869793,0.000937358
128,8,25,0.002553546,0.002698767
256,8,25,0.019538009,0.020028953
512,8,25,0.076168405,0.078022596
1024,8,25,0.564440081,0.571497444
2048,8,25,4.022988409,4.048256274
4096,8,25,32.133177602,32.232923753
16,12,25,0.00039177,0.000443729
32,12,25,0.000631194,0.000676034
64,12,25,0.001943569,0.002010385
128,12,25,0.005628572,0.005772925
256,12,25,0.017554392,0.018068828
512,12,25,0.068564391,0.070419676
1024,12,25,0.402057114,0.408356825
2048,12,25,2.899483063,2.925280033
4096,12,25,23.219164314,23.318229421
16,16,25,0.000437339,0.000479433
32,16,25,0.000697348,0.000747137
64,16,25,0.001877994,0.001941299
128,16,25,0.005433321,0.005584825
256,16,25,0.024989856,0.025467144
512,16,25,0.068608212,0.070449056
1024,16,25,0.476436926,0.483011324
2048,16,25,2.402000502,2.427557501
4096,16,25,18.209935714,18.310100798
16,0,26,1.3306e-05,5.0947e-05
32,0,26,9.5283e-05,0.000138148
64,0,26,0.000710503,0.000775041
128,0,26,0.005537476,0.005682821
256,0,26,0.043661817,0.044149477
512,0,26,0.343844409,0.345690114
1024,0,26,2.736643067,2.74324967
2048,0,26,21.952537225,21.989656819
4096,0,26,176.896880137,177.046652588
16,4,26,0.000242053,0.000338932
32,4,26,0.000370801,0.000414563
64,4,26,0.001210811,0.001362993
128,4,26,0.005449617,0.005593719
256,4,26,0.039728024,0.040747517
512,4,26,0.16040019,0.162285343
1024,4,26,1.024976757,1.033255639
2048,4,26,7.254007195,7.279193219
4096,4,26,60.198667613,60.298598226
16,8,26,0.000269629,0.000310056
32,8,26,0.000399861,0.00044552
64,8,26,0.000842283,0.000908984
128,8,26,0.003771465,0.003920716
256,8,26,0.023926901,0.024406905
512,8,26,0.074263848,0.076205159
1024,8,26,0.561407645,0.568365656
2048,8,26,4.02035242,4.045797102
4096,8,26,32.887337937,32.987464397
16,12,26,0.000377238,0.000428236
32,12,26,0.000622754,0.000667935
64,12,26,0.001110249,0.001176176
128,12,26,0.00293748,0.003093437
256,12,26,0.024139028,0.024630133
512,12,26,0.066579357,0.068450578
1024,12,26,0.403234423,0.410147475
2048,12,26,2.897349843,2.92262563
4096,12,26,22.867340078,22.96711291
16,16,26,0.000428178,0.00046834
32,16,26,0.000766737,0.000840799
64,16,26,0.001686193,0.001772902
128,16,26,0.006151293,0.00639189
256,16,26,0.028280182,0.028895633
512,16,26,0.070891044,0.073456956
1024,16,26,0.469633722,0.476381381
2048,16,26,2.360089698,2.385359427
4096,16,26,18.072538379,18.172267214
16,0,27,1.3344e-05,5.0719e-05
32,0,27,9.5329e-05,0.000138462
64,0,27,0.000704475,0.000770119
128,0,27,0.005619695,0.005776577
256,0,27,0.043571155,0.04407251
512,0,27,0.345780637,0.348105396
1024,0,27,2.735850271,2.744243043
2048,0,27,21.959370682,21.996789073
4096,0,27,176.925694135,177.073819246
16,4,27,0.000200688,0.000241949
32,4,27,0.000440566,0.000553106
64,4,27,0.00111056,0.00117719
128,4,27,0.005282867,0.005598176
256,4,27,0.03370338,0.03419218
512,4,27,0.160853149,0.163901254
1024,4,27,1.026464658,1.03307654
2048,4,27,7.232494656,7.258206213
4096,4,27,58.262128701,58.361668393
16,8,27,0.000274857,0.000315426
32,8,27,0.000738667,0.000788867
64,8,27,0.000843313,0.000910234
128,8,27,0.004322295,0.004476306
256,8,27,0.026053265,0.026522349
512,8,27,0.073385256,0.075245014
1024,8,27,0.56552536,0.572243673
2048,8,27,4.027974977,4.053143362
4096,8,27,32.138259467,32.237827423
16,12,27,0.000376696,0.000416741
32,12,27,0.000533586,0.000577221
64,12,27,0.001240302,0.001310265
128,12,27,0.002940577,0.003136855
256,12,27,0.020150902,0.020635511
512,12,27,0.071502346,0.073265246
1024,12,27,0.406058235,0.41273036
2048,12,27,2.940907558,2.966291531
4096,12,27,22.920993728,23.020507401
16,16,27,0.000451684,0.0004923
32,16,27,0.000741705,0.000803015
64,16,27,0.001805205,0.001871158
128,16,27,0.003950157,0.004102675
256,16,27,0.023978572,0.024471179
512,16,27,0.069031805,0.070831454
1024,16,27,0.467316849,0.474501231
2048,16,27,2.363788124,2.388911726
4096,16,27,18.044893762,18.14474771
16,0,28,1.3343e-05,5.1543e-05
32,0,28,9.5401e-05,0.000138512
64,0,28,0.000708962,0.00077443
128,0,28,0.005577541,0.005721452
256,0,28,0.043583863,0.044074326
512,0,28,0.34402879,0.345886595
1024,0,28,2.736377674,2.74342394
2048,0,28,21.837741335,21.863200706
4096,0,28,176.563483285,176.709905554
16,4,28,0.000189849,0.000231275
32,4,28,0.000403657,0.00049245
64,4,28,0.001180183,0.001248189
128,4,28,0.005054179,0.005358588
256,4,28,0.036880532,0.037354464
512,4,28,0.15629992,0.158996922
1024,4,28,1.017769707,1.024955603
2048,4,28,7.235847007,7.261070885
4096,4,28,58.145221786,58.24477164
16,8,28,0.000256322,0.000297199
32,8,28,0.00042742,0.000485233
64,8,28,0.000935717,0.001001902
128,8,28,0.002726112,0.00292205
256,8,28,0.027476155,0.027954419
512,8,28,0.074485583,0.076298098
1024,8,28,0.559928715,0.566789565
2048,8,28,4.047311256,4.072582661
4096,8,28,31.880284979,31.980588878
16,12,28,0.000400689,0.000441508
32,12,28,0.000560203,0.000605934
64,12,28,0.001142472,0.001210493
128,12,28,0.002527093,0.002682612
256,12,28,0.017805769,0.018305037
512,12,28,0.067299183,0.069185373
1024,12,28,0.388567665,0.395888595
2048,12,28,2.897239579,2.922530695
4096,12,28,22.992833607,23.093412767
16,16,28,0.000472756,0.000513221
32,16,28,0.000706968,0.000748865
64,16,28,0.00162063,0.001700316
128,16,28,0.020283296,0.02043607
256,16,28,0.026396514,0.026881198
512,16,28,0.070843816,0.072676688
1024,16,28,0.4579533,0.464841601
2048,16,28,2.368314504,2.393925854
4096,16,28,18.002106946,18.101137302
16,0,29,1.3413e-05,5.2925e-05
32,0,29,9.5472e-05,0.000137796
64,0,29,0.000714403,0.000781926
128,0,29,0.005537319,0.005692194
256,0,29,0.043714427,0.044220897
512,0,29,0.344049118,0.345907852
1024,0,29,2.746772023,2.756452748
2048,0,29,21.887252283,21.918958993
4096,0,29,176.693495061,176.840784888
16,4,29,0.000197932,0.000253675
32,4,29,0.000350698,0.000427311
64,4,29,0.001039034,0.001133411
128,4,29,0.004799168,0.005054326
256,4,29,0.029141292,0.029862161
512,4,29,0.161037887,0.163657761
1024,4,29,1.015972658,1.023054793
2048,4,29,7.234502731,7.259925964
4096,4,29,58.630183811,58.729641663
16,8,29,0.000277755,0.000317665
32,8,29,0.000455169,0.000516904
64,8,29,0.001254718,0.00134358
128,8,29,0.0041879,0.004399202
256,8,29,0.024123062,0.024781513
512,8,29,0.083641952,0.086171482
1024,8,29,0.589172158,0.596198229
2048,8,29,4.041888678,4.066985039
4096,8,29,31.914977837,32.015505392
16,12,29,0.000389354,0.000429443
32,12,29,0.000565167,0.000610588
64,12,29,0.001085577,0.001152595
128,12,29,0.003786026,0.003936837
256,12,29,0.021455542,0.021934607
512,12,29,0.071211914,0.073054449
1024,12,29,0.406118191,0.413346077
2048,12,29,2.895346054,2.920744644
4096,12,29,22.931378687,23.031178124
16,16,29,0.000450398,0.000491533
32,16,29,0.000725908,0.000771719
64,16,29,0.00129906,0.001367249
128,16,29,0.005610544,0.005763966
256,16,29,0.028256602,0.028746755
512,16,29,0.069865323,0.071699192
1024,16,29,0.485771974,0.492774654
2048,16,29,4.465207881,4.490450492
4096,16,29,18.136150598,18.235427284
16,0,30,1.618e-05,9.3114e-05
32,0,30,9.5381e-05,0.000138153
64,0,30,0.00071081,0.000776507
128,0,30,0.005530387,0.005684028
256,0,30,0.043714163,0.044190652
512,0,30,0.343853787,0.345741448
1024,0,30,2.736136586,2.742918424
2048,0,30,21.893053195,21.924842019
4096,0,30,176.136817133,176.278955898
16,4,30,0.000202708,0.000245277
32,4,30,0.000452149,0.00054546
64,4,30,0.001123821,0.001192741
128,4,30,0.00535743,0.005672565
256,4,30,0.03749183,0.03801338
512,4,30,0.158400392,0.161368786
1024,4,30,1.032091477,1.038963392
2048,4,30,7.248021826,7.273096363
4096,4,30,62.853857883,62.953605486
16,8,30,0.000283202,0.000335624
32,8,30,0.000653692,0.000755426
64,8,30,0.001337043,0.001436382
128,8,30,0.005321241,0.005651566
256,8,30,0.029101837,0.030122127
512,8,30,0.093186,0.095066724
1024,8,30,0.629688881,0.638204008
2048,8,30,4.025863394,4.051413928
4096,8,30,33.736011606,33.835790334
16,12,30,0.0003749,0.000437072
32,12,30,0.000541481,0.000590594
64,12,30,0.001098365,0.001168223
128,12,30,0.004458212,0.004609161
256,12,30,0.025091511,0.025572837
512,12,30,0.06436598,0.066271865
1024,12,30,0.388355781,0.395295844
2048,12,30,2.897146696,2.922483228
4096,12,30,22.910909485,23.010535817
16,16,30,0.000369831,0.000430164
32,16,30,0.000815396,0.000872644
64,16,30,0.001605196,0.001671965
128,16,30,0.006561809,0.006713661
256,16,30,0.025536059,0.026027837
512,16,30,0.07156901,0.07331389
1024,16,30,0.462710498,0.469866675
2048,16,30,2.410506546,2.435806667
4096,16,30,18.050900187,18.150550321
16,0,31,1.3398e-05,5.1899e-05
32,0,31,9.5476e-05,0.000138441
64,0,31,0.00071077,0.000776483
128,0,31,0.005608321,0.00575587
256,0,31,0.043976283,0.04446632
512,0,31,0.343781025,0.345597398
1024,0,31,2.736764249,2.744881888
2048,0,31,22.116644995,22.162675563
4096,0,31,175.907088591,176.004691284
16,4,31,0.000195757,0.00023727
32,4,31,0.000423813,0.000518528
64,4,31,0.000987597,0.001057099
128,4,31,0.005221499,0.00553969
256,4,31,0.035196203,0.03569682
512,4,31,0.159525229,0.162485131
1024,4,31,1.022036559,1.028828268
2048,4,31,7.277250074,7.302670214
4096,4,31,61.588532314,61.688589865
16,8,31,0.000271,0.000311596
32,8,31,0.000503567,0.000588269
64,8,31,0.001016868,0.001084564
128,8,31,0.004335763,0.004612702
256,8,31,0.02991561,0.030412463
512,8,31,0.092026356,0.094824782
1024,8,31,0.616969768,0.624135111
2048,8,31,4.022248341,4.047586005
4096,8,31,31.91150233,32.011639692
16,12,31,0.00034609,0.000386758
32,12,31,0.000577948,0.00062297
64,12,31,0.001512389,0.001580451
128,12,31,0.005958217,0.006126052
256,12,31,0.021194778,0.021686301
512,12,31,0.063510219,0.065387464
1024,12,31,0.391752097,0.398851672
2048,12,31,2.89795954,2.923122467
4096,12,31,22.957980907,23.057465977
16,16,31,0.000432203,0.000472696
32,16,31,0.00072265,0.000781689
64,16,31,0.001246463,0.001315471
128,16,31,0.005731032,0.005931113
256,16,31,0.023905865,0.024396312
512,16,31,0.069612224,0.071568033
1024,16,31,0.493711725,0.500462751
2048,16,31,2.372103731,2.3988434
4096,16,31,17.985945249,18.085900727
16,0,32,1.3321e-05,5.1374e-05
32,0,32,9.5429e-05,0.000141962
64,0,32,0.000711437,0.000780385
128,0,32,0.00563985,0.005790065
256,0,32,0.043466374,0.043948641
512,0,32,0.343926042,0.345810654
1024,0,32,2.736696091,2.743593466
2048,0,32,21.840203712,21.865706377
4096,0,32,176.509742553,176.657529899
16,4,32,0.000244533,0.000301445
32,4,32,0.000396547,0.000491537
64,4,32,0.001124646,0.001220277
128,4,32,0.005154084,0.005456074
256,4,32,0.038359495,0.03907737
512,4,32,0.158128015,0.161131347
1024,4,32,1.020625258,1.02777608
2048,4,32,7.355299004,7.380560959
4096,4,32,58.112505492,58.21266531
16,8,32,0.00029339,0.000333497
32,8,32,0.00041401,0.000458101
64,8,32,0.000814001,0.000881056
128,8,32,0.003525314,0.003663802
256,8,32,0.021100598,0.021581451
512,8,32,0.074330028,0.076219431
1024,8,32,0.566505611,0.573449303
2048,8,32,4.017764836,4.043354045
4096,8,32,32.64425627,32.743753903
16,12,32,0.001074435,0.00111488
32,12,32,0.000557241,0.0006084
64,12,32,0.001617173,0.001684431
128,12,32,0.003312486,0.003461783
256,12,32,0.023361462,0.023851856
512,12,32,0.069995422,0.071968962
1024,12,32,0.416164949,0.42297813
2048,12,32,2.896752006,2.922215864
4096,12,32,22.932880579,23.033027392
16,16,32,0.00041623,0.000456908
32,16,32,0.000728566,0.000774209
64,16,32,0.001485974,0.001553482
128,16,32,0.00339527,0.003538997
256,16,32,0.025528732,0.025986911
512,16,32,0.070036409,0.071995052
1024,16,32,0.450614823,0.457344491
2048,16,32,2.360675902,2.386361702
4096,16,32,18.137536146,18.236687189
16,0,33,1.627e-05,6.3291e-05
32,0,33,9.5319e-05,0.000137591
64,0,33,0.000786704,0.000848071
128,0,33,0.005495137,0.005643678
256,0,33,0.043599312,0.044070605
512,0,33,0.343725007,0.345550847
1024,0,33,2.735948481,2.742787934
2048,0,33,22.000594218,22.046296616
4096,0,33,176.360442036,176.510841544
16,4,33,0.000202473,0.000244256
32,4,33,0.000418502,0.000504507
64,4,33,0.00114831,0.00121785
128,4,33,0.005359391,0.005635388
256,4,33,0.035566422,0.036090711
512,4,33,0.157801527,0.160350997
1024,4,33,1.012494023,1.019202484
2048,4,33,7.240151733,7.265269261
4096,4,33,59.525651454,59.625878734
16,8,33,0.000272012,0.000311983
32,8,33,0.000451747,0.000497593
64,8,33,0.001124667,0.001191966
128,8,33,0.002972303,0.003112522
256,8,33,0.019026918,0.019520855
512,8,33,0.074772407,0.076644925
1024,8,33,0.56331217,0.570315621
2048,8,33,4.05106044,4.076253663
4096,8,33,32.055493019,32.155434402
16,12,33,0.000341884,0.000383074
32,12,33,0.000588609,0.000634211
64,12,33,0.001026901,0.001094247
128,12,33,0.003880975,0.004037878
256,12,33,0.023983678,0.024458278
512,12,33,0.065262699,0.067200821
1024,12,33,0.392539169,0.399625277
2048,12,33,2.891239772,2.916835926
4096,12,33,22.894806631,22.99472114
16,16,33,0.000425194,0.000466287
32,16,33,0.000728714,0.00077456
64,16,33,0.001360277,0.001427096
128,16,33,0.005759725,0.005911928
256,16,33,0.028506266,0.028983535
512,16,33,0.07300615,0.074844926
1024,16,33,0.495499453,0.502791613
2048,16,33,2.353137758,2.37855531
4096,16,33,18.119663972,18.219837704
16,0,34,1.3324e-05,5.119e-05
32,0,34,9.5488e-05,0.000149431
64,0,34,0.000711231,0.000777807
128,0,34,0.005617422,0.005753589
256,0,34,0.043595967,0.044144588
512,0,34,0.343944512,0.345799258
1024,0,34,2.738652236,2.745573589
2048,0,34,21.883073576,21.91484269
4096,0,34,176.644122804,176.787367274
16,4,34,0.000189537,0.000233833
32,4,34,0.000435653,0.00054693
64,4,34,0.001153012,0.001221673
128,4,34,0.005992741,0.006333805
256,4,34,0.036231021,0.03673245
512,4,34,0.162817845,0.16595228
1024,4,34,1.034932132,1.041735029
2048,4,34,7.301647555,7.326877915
4096,4,34,58.100407525,58.200092386
16,8,34,0.000361728,0.000401753
32,8,34,0.000433829,0.000478389
64,8,34,0.001537661,0.00160489
128,8,34,0.004322572,0.004471087
256,8,34,0.021567857,0.022067498
512,8,34,0.076919957,0.078693996
1024,8,34,0.566813693,0.57333161
2048,8,34,4.029469288,4.054843502
4096,8,34,32.259955673,32.359983824
16,12,34,0.000358139,0.000399305
32,12,34,0.000578067,0.000623451
64,12,34,0.001074639,0.001142639
128,12,34,0.004516874,0.004660599
256,12,34,0.022566404,0.023059957
512,12,34,0.069064268,0.070934797
1024,12,34,0.396494667,0.403393846
2048,12,34,2.899230502,2.924608823
4096,12,34,22.874507811,22.974806711
16,16,34,0.00042693,0.000467049
32,16,34,0.000731191,0.000777089
64,16,34,0.001455781,0.001522365
128,16,34,0.005067145,0.005229881
256,16,34,0.027118131,0.02758656
512,16,34,0.068727649,0.070639306
1024,16,34,0.47493151,0.482011073
2048,16,34,2.362476165,2.387255092
4096,16,34,18.001523174,18.101248656
16,0,35,1.3351e-05,5.1121e-05
32,0,35,9.5112e-05,0.000137948
64,0,35,0.000704595,0.000772913
128,0,35,0.005576536,0.005720585
256,0,35,0.043570427,0.044047124
512,0,35,0.34391169,0.345786586
1024,0,35,2.747502783,2.756989276
2048,0,35,21.991929663,22.0355986
4096,0,35,176.423290709,176.569916559
16,4,35,0.000198984,0.00025457
32,4,35,0.000438224,0.000523733
64,4,35,0.001256102,0.001348645
128,4,35,0.005394568,0.005670498
256,4,35,0.031979675,0.032643972
512,4,35,0.159335165,0.162024298
1024,4,35,1.017086154,1.023915112
2048,4,35,7.237818662,7.263264251
4096,4,35,58.079278776,58.180094018
16,8,35,0.000270496,0.000310657
32,8,35,0.000442493,0.000487581
64,8,35,0.001148969,0.001219501
128,8,35,0.004212397,0.004368829
256,8,35,0.023309897,0.023790355
512,8,35,0.077677384,0.079613573
1024,8,35,0.562472658,0.569677157
2048,8,35,4.025867482,4.051122494
4096,8,35,32.08847489,32.188516048
16,12,35,0.000365817,0.000405989
32,12,35,0.000561259,0.000607578
64,12,35,0.001566873,0.001633461
128,12,35,0.005163622,0.005307352
256,12,35,0.023572823,0.024061162
512,12,35,0.065352807,0.067283777
1024,12,35,0.387762814,0.394909628
2048,12,35,2.88616125,2.911319111
4096,12,35,22.89683893,22.99706493
16,16,35,0.00044969,0.00049085
32,16,35,0.000695351,0.000739963
64,16,35,0.00238197,0.00244867
128,16,35,0.007370706,0.00752468
256,16,35,0.028463387,0.028953632
512,16,35,0.06872976,0.070590116
1024,16,35,0.448671696,0.45527006
2048,16,35,2.356142046,2.381340692
4096,16,35,18.139420152,18.239345533
16,0,36,1.3311e-05,5.2841e-05
32,0,36,9.5378e-05,0.000138004
64,0,36,0.000706237,0.000774791
128,0,36,0.005577254,0.005732986
256,0,36,0.04366141,0.044141761
512,0,36,0.343757842,0.345567971
1024,0,36,2.735958901,2.742653628
2048,0,36,21.82890088,21.854208449
4096,0,36,176.092431474,176.229380031
16,4,36,0.000183088,0.000224596
32,4,36,0.000457185,0.000574443
64,4,36,0.001120579,0.001193362
128,4,36,0.005885245,0.006220582
256,4,36,0.035124052,0.035616393
512,4,36,0.162811839,0.16581582
1024,4,36,1.024321757,1.030683176
2048,4,36,7.234982733,7.260423609
4096,4,36,58.262044542,58.361612517
16,8,36,0.000290481,0.000331006
32,8,36,0.000433751,0.000479034
64,8,36,0.000908324,0.000974605
128,8,36,0.002697295,0.002862346
256,8,36,0.020813463,0.021286861
512,8,36,0.084020286,0.085925584
1024,8,36,0.571967814,0.578825777
2048,8,36,4.029930228,4.055219937
4096,8,36,32.417214838,32.517594021
16,12,36,0.000356685,0.000397593
32,12,36,0.000564954,0.000610764
64,12,36,0.002263583,0.002331042
128,12,36,0.004344076,0.004494372
256,12,36,0.015813648,0.016295783
512,12,36,0.060983542,0.062835512
1024,12,36,0.383533799,0.390129083
2048,12,36,2.899478003,2.924895438
4096,12,36,22.865058579,22.964858644
16,16,36,0.000435558,0.000475307
32,16,36,0.00083432,0.000879464
64,16,36,0.001424682,0.00149099
128,16,36,0.005742782,0.005888381
256,16,36,0.0257519,0.026232311
512,16,36,0.070275891,0.072105878
1024,16,36,0.485665438,0.492683077
2048,16,36,2.368040318,2.393311683
4096,16,36,19.77911461,19.879252228
16,0,37,1.3353e-05,4.8762e-05
32,0,37,0.00014717,0.000207905
64,0,37,0.001095574,0.001185902
128,0,37,0.005655279,0.00580792
256,0,37,0.044341708,0.044853616
512,0,37,0.373808617,0.375654466
1024,0,37,2.736320683,2.743293931
2048,0,37,22.006505641,22.054935698
4096,0,37,176.919921879,177.020162608
16,4,37,0.000195513,0.000236763
32,4,37,0.000401056,0.000492666
64,4,37,0.001048789,0.001116402
128,4,37,0.004650187,0.004937635
256,4,37,0.037128968,0.037619587
512,4,37,0.156526462,0.159235839
1024,4,37,1.024519574,1.031216993
2048,4,37,7.348190484,7.373674591
4096,4,37,59.651119138,59.751124069
16,8,37,0.000257485,0.000297812
32,8,37,0.000425351,0.000470627
64,8,37,0.000834551,0.00090238
128,8,37,0.004548057,0.004702664
256,8,37,0.023911565,0.024400005
512,8,37,0.07252176,0.074362933
1024,8,37,0.568766102,0.575392057
2048,8,37,4.077572948,4.103170584
4096,8,37,35.072222469,35.171826128
16,12,37,0.000398194,0.000457709
32,12,37,0.000560571,0.000604522
64,12,37,0.001125751,0.001224762
128,12,37,0.002859754,0.003003905
256,12,37,0.022867493,0.023638531
512,12,37,0.072495132,0.0743661
1024,12,37,0.417779795,0.424677465
2048,12,37,2.900823043,2.926397184
4096,12,37,22.945289274,23.045639962
16,16,37,0.000428956,0.000469202
32,16,37,0.000710445,0.000755721
64,16,37,0.001544425,0.001614358
128,16,37,0.0042608,0.004421259
256,16,37,0.027767594,0.028239448
512,16,37,0.066124495,0.067964404
1024,16,37,0.484035414,0.491138354
2048,16,37,2.399480942,2.424882803
4096,16,37,18.105677122,18.205555981
16,0,38,1.3501e-05,5.1475e-05
32,0,38,9.5278e-05,0.000136801
64,0,38,0.000710147,0.00077732
128,0,38,0.005508261,0.005661595
256,0,38,0.043585431,0.044062312
512,0,38,0.343734766,0.345598372
1024,0,38,2.736079777,2.743080993
2048,0,38,21.998582204,22.04443328
4096,0,38,176.406731603,176.557436474
16,4,38,0.0002726,0.000314817
32,4,38,0.000459836,0.000553856
64,4,38,0.001228364,0.001299197
128,4,38,0.005557068,0.005878181
256,4,38,0.0372335,0.037699255
512,4,38,0.161110614,0.163859973
1024,4,38,1.020135967,1.026649153
2048,4,38,7.431054224,7.456400077
4096,4,38,58.321334054,58.420782258
16,8,38,0.000302702,0.000343071
32,8,38,0.000431662,0.000475569
64,8,38,0.000933869,0.001021462
128,8,38,0.003817589,0.003970398
256,8,38,0.026217633,0.026707552
512,8,38,0.073596178,0.075473598
1024,8,38,0.564337726,0.571407361
2048,8,38,4.019737927,4.045207395
4096,8,38,32.373589455,32.47371082
16,12,38,0.000365644,0.000406484
32,12,38,0.000515934,0.000557086
64,12,38,0.001534665,0.00160534
128,12,38,0.005265574,0.005425123
256,12,38,0.022718309,0.023213993
512,12,38,0.062196971,0.06407658
1024,12,38,0.392240345,0.399072301
2048,12,38,2.913650865,2.939449297
4096,12,38,22.939118662,23.037770826
16,16,38,0.000419034,0.000461166
32,16,38,0.000698771,0.000744036
64,16,38,0.001565722,0.001635163
128,16,38,0.003370829,0.003529541
256,16,38,0.028860107,0.029340926
512,16,38,0.071489987,0.073218751
1024,16,38,0.464630828,0.47180708
2048,16,38,2.358101336,2.383595109
4096,16,38,18.079256552,18.177719298
16,0,39,1.335e-05,5.1957e-05
32,0,39,9.5431e-05,0.000138324
64,0,39,0.000705784,0.000771423
128,0,39,0.005581835,0.005733796
256,0,39,0.043641364,0.044129763
512,0,39,0.343832899,0.345658165
1024,0,39,2.738417821,2.745219571
2048,0,39,21.888229971,21.914739657
4096,0,39,176.109197158,176.209219334
16,4,39,0.000199744,0.000240987
32,4,39,0.000393905,0.000471478
64,4,39,0.00110687,0.001199665
128,4,39,0.004789121,0.005047806
256,4,39,0.034432965,0.035102353
512,4,39,0.15750203,0.160102035
1024,4,39,1.011564441,1.018614436
2048,4,39,7.235556058,7.260879664
4096,4,39,59.244991504,59.344778023
16,8,39,0.000253391,0.000293392
32,8,39,0.00043097,0.000476524
64,8,39,0.000954657,0.001021834
128,8,39,0.003750188,0.003893971
256,8,39,0.026061357,0.026542602
512,8,39,0.075608181,0.077407585
1024,8,39,0.56289072,0.570165297
2048,8,39,4.017654209,4.042950402
4096,8,39,32.01730724,32.117768603
16,12,39,0.000398367,0.000439952
32,12,39,0.000566479,0.000623621
64,12,39,0.001120554,0.001195818
128,12,39,0.004808812,0.004962477
256,12,39,0.021326372,0.021960906
512,12,39,0.064789076,0.066685071
1024,12,39,0.387822718,0.394821793
2048,12,39,2.889600922,2.915061194
4096,12,39,22.857528044,22.957964269
16,16,39,0.000557116,0.00059792
32,16,39,0.000743059,0.000800609
64,16,39,0.00176682,0.001852839
128,16,39,0.006969549,0.007130737
256,16,39,0.028476336,0.028930795
512,16,39,0.073227961,0.075024837
1024,16,39,0.474428129,0.481246572
2048,16,39,2.357439204,2.383069771
4096,16,39,17.996354244,18.095598964
16,0,40,1.3417e-05,5.3196e-05
32,0,40,9.5547e-05,0.000135292
64,0,40,0.000706711,0.000783046
128,0,40,0.005506146,0.005669204
256,0,40,0.043697282,0.044187266
512,0,40,0.344749967,0.346615913
1024,0,40,2.73574678,2.742518479
2048,0,40,21.850237931,21.875852274
4096,0,40,176.29079179,176.391049512
16,4,40,0.000189383,0.00023042
32,4,40,0.000359128,0.00042976
64,4,40,0.001121883,0.001194775
128,4,40,0.005824386,0.006080743
256,4,40,0.035395269,0.035887068
512,4,40,0.164270845,0.166767166
1024,4,40,1.03560891,1.042360449
2048,4,40,7.257551202,7.282854079
4096,4,40,58.188318018,58.288246468
16,8,40,0.000274447,0.000316468
32,8,40,0.000446981,0.000492827
64,8,40,0.000926992,0.000995304
128,8,40,0.004472844,0.004621861
256,8,40,0.016865957,0.017351146
512,8,40,0.074463497,0.076285971
1024,8,40,0.565227619,0.572185201
2048,8,40,4.023699175,4.049004118
4096,8,40,31.931178085,32.031304472
16,12,40,0.000369496,0.00041031
32,12,40,0.000560967,0.000602194
64,12,40,0.001108331,0.001189857
128,12,40,0.003363818,0.003518814
256,12,40,0.021290733,0.0217785
512,12,40,0.06647685,0.068411209
1024,12,40,0.389750678,0.396580515
2048,12,40,2.89534255,2.921106021
4096,12,40,22.985935652,23.084531068
16,16,40,0.000448633,0.00049076
32,16,40,0.000705027,0.000749582
64,16,40,0.001134399,0.001204422
128,16,40,0.003100457,0.003247498
256,16,40,0.025808196,0.0263095
512,16,40,0.069737734,0.071589506
1024,16,40,0.481003668,0.487961645
2048,16,40,2.359876677,2.385204023
4096,16,40,17.966418919,18.066540297
16,0,41,1.3366e-05,5.2156e-05
32,0,41,9.5318e-05,0.000138292
64,0,41,0.000712525,0.000778862
128,0,41,0.005503191,0.005647316
256,0,41,0.043561018,0.044013869
512,0,41,0.344145089,0.346040408
1024,0,41,2.736646207,2.743366536
2048,0,41,22.086183909,22.119672757
4096,0,41,176.340111852,176.496390882
16,4,41,0.000211836,0.000265423
32,4,41,0.000397372,0.000477663
64,4,41,0.001019777,0.001105751
128,4,41,0.004851483,0.005121322
256,4,41,0.034426567,0.034912515
512,4,41,0.15810387,0.160698577
1024,4,41,1.011276573,1.018058016
2048,4,41,7.23501141,7.260315257
4096,4,41,61.868744138,61.968075891
16,8,41,0.000270854,0.000310748
32,8,41,0.000523307,0.000603919
64,8,41,0.00099464,0.001063023
128,8,41,0.00462788,0.004890415
256,8,41,0.022941421,0.023430575
512,8,41,0.087695528,0.09029745
1024,8,41,0.605080717,0.611646199
2048,8,41,4.021791214,4.047265306
4096,8,41,32.084938615,32.184756776
16,12,41,0.000363647,0.000411885
32,12,41,0.000615843,0.000660242
64,12,41,0.001089432,0.001159443
128,12,41,0.006362298,0.006519063
256,12,41,0.021386338,0.02187359
512,12,41,0.065948963,0.067775468
1024,12,41,0.392335785,0.39948819
2048,12,41,2.897962926,2.923324522
4096,12,41,23.011395705,23.110777253
16,16,41,0.000467721,0.000507507
32,16,41,0.000716702,0.000762977
64,16,41,0.001232536,0.001300856
128,16,41,0.007541697,0.007684056
256,16,41,0.027578731,0.02804609
512,16,41,0.086602179,0.088388385
1024,16,41,0.472191147,0.479138585
2048,16,41,2.347570547,2.372850953
4096,16,41,18.016843774,18.116910527
16,0,42,1.3512e-05,5.1537e-05
32,0,42,9.5415e-05,0.000137968
64,0,42,0.000723935,0.000788659
128,0,42,0.005571305,0.00571723
256,0,42,0.043691121,0.044162359
512,0,42,0.344035845,0.345811968
1024,0,42,2.762735675,2.774277117
2048,0,42,22.067172935,22.105610028
4096,0,42,176.185424773,176.333777794
16,4,42,0.000184781,0.000226066
32,4,42,0.000383309,0.000480063
64,4,42,0.001061188,0.001127982
128,4,42,0.00527554,0.005602663
256,4,42,0.035188915,0.035681504
512,4,42,0.158250381,0.161097815
1024,4,42,1.017205789,1.024180205
2048,4,42,7.239606241,7.264903415
4096,4,42,58.875902703,58.97545252
16,8,42,0.000262569,0.000302032
32,8,42,0.000434146,0.000479008
64,8,42,0.001031422,0.001099061
128,8,42,0.002491147,0.002640426
256,8,42,0.025201866,0.025670015
512,8,42,0.071970473,0.073864323
1024,8,42,0.56697595,0.573999077
2048,8,42,4.035505073,4.061007422
4096,8,42,31.936088143,32.036649923
16,12,42,0.0003827,0.000422634
32,12,42,0.000566093,0.000622034
64,12,42,0.001177668,0.001246527
128,12,42,0.003289796,0.003482539
256,12,42,0.023281139,0.02376608
512,12,42,0.06504437,0.066955816
1024,12,42,0.412530503,0.419619849
2048,12,42,2.893945716,2.91949263
4096,12,42,23.088810557,23.18874724
16,16,42,0.000433352,0.000473336
32,16,42,0.000722592,0.000767678
64,16,42,0.001546201,0.001613527
128,16,42,0.00513472,0.005288221
256,16,42,0.025947038,0.026423914
512,16,42,0.071218854,0.073076777
1024,16,42,0.498690052,0.505418413
2048,16,42,2.359536396,2.385162472
4096,16,42,17.937438884,18.037112801
16,0,43,1.3374e-05,5.1112e-05
32,0,43,9.5371e-05,0.000139306
64,0,43,0.000704945,0.000772072
128,0,43,0.005533121,0.005676328
256,0,43,0.043548695,0.04402869
512,0,43,0.344052598,0.345839294
1024,0,43,2.735743554,2.742781072
2048,0,43,22.010726384,22.058710974
4096,0,43,176.549479677,176.692838177
16,4,43,0.000190751,0.000231894
32,4,43,0.000521206,0.000622923
64,4,43,0.001089847,0.001157406
128,4,43,0.005716458,0.006035203
256,4,43,0.036704233,0.037199087
512,4,43,0.162557538,0.165509811
1024,4,43,1.023066834,1.029698761
2048,4,43,7.291409324,7.316756883
4096,4,43,58.09504122,58.194736561
16,8,43,0.000272567,0.000313372
32,8,43,0.000411262,0.000456413
64,8,43,0.000826157,0.000891563
128,8,43,0.004196172,0.004338686
256,8,43,0.018606954,0.019082939
512,8,43,0.076271321,0.078123601
1024,8,43,0.564241098,0.571389567
2048,8,43,4.028803957,4.053981904
4096,8,43,31.940358843,32.040578081
16,12,43,0.001140664,0.001180652
32,12,43,0.000652659,0.000698469
64,12,43,0.001093981,0.001161106
128,12,43,0.003870905,0.004010766
256,12,43,0.021654832,0.022138334
512,12,43,0.06749505,0.069328766
1024,12,43,0.405974933,0.412631469
2048,12,43,2.897281095,2.922833458
4096,12,43,23.253712144,23.353763498
16,16,43,0.000440595,0.000481045
32,16,43,0.000700397,0.000745905
64,16,43,0.001699732,0.001767871
128,16,43,0.007499168,0.007652731
256,16,43,0.026577586,0.027053181
512,16,43,0.069036084,0.070878974
1024,16,43,0.47807555,0.484796848
2048,16,43,2.36152719,2.387078828
4096,16,43,17.998890259,18.098749149
16,0,44,1.3397e-05,5.8662e-05
32,0,44,9.5211e-05,0.000134712
64,0,44,0.00075241,0.000818079
128,0,44,0.005584444,0.005734625
256,0,44,0.043531802,0.043991983
512,0,44,0.343808008,0.345660786
1024,0,44,2.73553223,2.742622807
2048,0,44,22.008111137,22.054393449
4096,0,44,176.281735822,176.381892851
16,4,44,0.000191162,0.000231981
32,4,44,0.000461872,0.000564567
64,4,44,0.001080068,0.001150586
128,4,44,0.005517661,0.005851762
256,4,44,0.034400848,0.034902401
512,4,44,0.1702376,0.173189082
1024,4,44,1.017961867,1.024727831
2048,4,44,7.231713226,7.257430523
4096,4,44,61.690408447,61.790457002
16,8,44,0.000262694,0.000303142
32,8,44,0.000420217,0.000464665
64,8,44,0.001209598,0.001277213
128,8,44,0.004316426,0.004479058
256,8,44,0.023975802,0.024465356
512,8,44,0.073359623,0.075231654
1024,8,44,0.565814832,0.572527189
2048,8,44,4.019545454,4.045008824
4096,8,44,31.953574877,32.053218618
16,12,44,0.000427436,0.000470611
32,12,44,0.000640763,0.000685753
64,12,44,0.001110812,0.001180499
128,12,44,0.005335078,0.005489898
256,12,44,0.021505483,0.021971485
512,12,44,0.070015198,0.071839512
1024,12,44,0.406240913,0.412884828
2048,12,44,2.888139339,2.913803443
4096,12,44,22.943536492,23.042765888
16,16,44,0.000455566,0.000498047
32,16,44,0.018349855,0.018394925
64,16,44,0.001781318,0.001850617
128,16,44,0.004865096,0.005031267
256,16,44,0.026618985,0.027090569
512,16,44,0.072943686,0.074817708
1024,16,44,0.488390423,0.495012979
2048,16,44,2.359004904,2.384301148
4096,16,44,18.041657652,18.141637318
16,0,45,1.3345e-05,5.0748e-05
32,0,45,9.528e-05,0.00013785
64,0,45,0.000730932,0.000798174
128,0,45,0.0055404,0.005700287
256,0,45,0.043512112,0.04398806
512,0,45,0.343854911,0.345604899
1024,0,45,2.74640455,2.756238106
2048,0,45,21.85797856,21.883324462
4096,0,45,176.274844556,176.414583544
16,4,45,0.000178069,0.000224478
32,4,45,0.000387344,0.000489813
64,4,45,0.001064307,0.001133789
128,4,45,0.005198804,0.005527333
256,4,45,0.033847561,0.034338504
512,4,45,0.158014747,0.160971491
1024,4,45,1.023384705,1.030179071
2048,4,45,7.237584683,7.262865039
4096,4,45,61.467763272,61.567355029
16,8,45,0.000273,0.000326152
32,8,45,0.000513299,0.000559461
64,8,45,0.000952365,0.001018915
128,8,45,0.003818004,0.003962088
256,8,45,0.023729678,0.024210897
512,8,45,0.085488784,0.087380477
1024,8,45,0.585192262,0.591798123
2048,8,45,4.059507005,4.085012204
4096,8,45,31.921061935,32.0209326
16,12,45,0.000371144,0.000411417
32,12,45,0.000545141,0.000590224
64,12,45,0.001050457,0.001116814
128,12,45,0.005885624,0.006028514
256,12,45,0.021606725,0.022080422
512,12,45,0.06458941,0.066448967
1024,12,45,0.387238779,0.394002986
2048,12,45,2.890281941,2.915820565
4096,12,45,23.588318379,23.688717982
16,16,45,0.000466222,0.000506699
32,16,45,0.000775301,0.000820997
64,16,45,0.001533152,0.001604284
128,16,45,0.004735969,0.004880004
256,16,45,0.028835643,0.029315059
512,16,45,0.075102938,0.076955211
1024,16,45,0.468962687,0.475807151
2048,16,45,2.36976627,2.395238741
4096,16,45,17.997685638,18.097554934
16,0,46,1.3374e-05,5.097e-05
32,0,46,0.000100837,0.000143617
64,0,46,0.00100532,0.00109807
128,0,46,0.005569194,0.00571491
256,0,46,0.050727786,0.051366859
512,0,46,0.344155812,0.346095345
1024,0,46,2.744240521,2.753497279
2048,0,46,21.975890427,22.017971252
4096,0,46,176.493493191,176.641066266
16,4,46,0.000189313,0.000230219
32,4,46,0.000549338,0.00065233
64,4,46,0.001107605,0.001175266
128,4,46,0.005432844,0.005744506
256,4,46,0.032425569,0.032910689
512,4,46,0.161447309,0.164318817
1024,4,46,1.016782913,1.023908432
2048,4,46,7.2399764,7.26531404
4096,4,46,61.300953534,61.40479331
16,8,46,0.000288076,0.000328307
32,8,46,0.000467185,0.000512947
64,8,46,0.000867669,0.000935354
128,8,46,0.002570147,0.002723909
256,8,46,0.024715631,0.025199857
512,8,46,0.07424022,0.076110735
1024,8,46,0.56494684,0.571617639
2048,8,46,4.027988024,4.053437583
4096,8,46,31.977701385,32.077557008
16,12,46,0.000389341,0.00043034
32,12,46,0.000602765,0.000660472
64,12,46,0.001118568,0.001186038
128,12,46,0.005269344,0.005416438
256,12,46,0.022584127,0.023069877
512,12,46,0.061913512,0.063790072
1024,12,46,0.393424893,0.400579229
2048,12,46,2.894254179,2.91948276
4096,12,46,22.936671604,23.03682251
16,16,46,0.000412717,0.000458681
32,16,46,0.000763284,0.000805246
64,16,46,0.001230143,0.001298996
128,16,46,0.005291073,0.005438508
256,16,46,0.027023336,0.027503553
512,16,46,0.066611492,0.068404121
1024,16,46,0.472656713,0.478891028
2048,16,46,2.373863488,2.399465537
4096,16,46,18.085431217,18.184517507
16,0,47,1.4417e-05,5.3263e-05
32,0,47,0.00010433,0.000146372
64,0,47,0.000750679,0.000815616
128,0,47,0.005651589,0.005793504
256,0,47,0.043347092,0.04382785
512,0,47,0.344185955,0.346046971
1024,0,47,2.736440438,2.743452669
2048,0,47,21.834135383,21.85966533
4096,0,47,176.221450452,176.321619606
16,4,47,0.000195056,0.00023625
32,4,47,0.000435469,0.000530659
64,4,47,0.001019904,0.001089092
128,4,47,0.005225294,0.005527081
256,4,47,0.034852245,0.035341447
512,4,47,0.160373255,0.163191943
1024,4,47,1.018366102,1.025416076
2048,4,47,7.818665956,7.843761147
4096,4,47,58.223144851,58.321833434
16,8,47,0.000286695,0.000329468
32,8,47,0.000436093,0.000480826
64,8,47,0.001091882,0.001156302
128,8,47,0.004336393,0.004482645
256,8,47,0.027993053,0.028440498
512,8,47,0.09223137,0.094101066
1024,8,47,0.624508487,0.631509666
2048,8,47,4.024578821,4.049745342
4096,8,47,31.948164938,32.047976938
16,12,47,0.000370186,0.000410716
32,12,47,0.000582971,0.000627324
64,12,47,0.001103803,0.001172193
128,12,47,0.006532843,0.006686548
256,12,47,0.024355912,0.024860022
512,12,47,0.070324049,0.072148828
1024,12,47,0.406739975,0.41364783
2048,12,47,2.890742879,2.915966379
4096,12,47,22.881174661,22.98177523
16,16,47,0.000424923,0.000465518
32,16,47,0.000696635,0.000743116
64,16,47,0.001266234,0.001333974
128,16,47,0.002780011,0.002930676
256,16,47,0.026685324,0.027162136
512,16,47,0.069467575,0.071272886
1024,16,47,0.448686091,0.455393961
2048,16,47,2.355013781,2.380732611
4096,16,47,17.950140019,18.048678055
16,0,48,1.3334e-05,5.1785e-05
32,0,48,9.5269e-05,0.000135194
64,0,48,0.00070383,0.000770546
128,0,48,0.005531036,0.005663768
256,0,48,0.043475697,0.043983228
512,0,48,0.343902862,0.345798095
1024,0,48,2.740920785,2.749172806
2048,0,48,22.000622618,22.049214343
4096,0,48,176.327459672,176.427075565
16,4,48,0.000191427,0.000232735
32,4,48,0.000436729,0.000538543
64,4,48,0.001153395,0.001221663
128,4,48,0.005616533,0.00593244
256,4,48,0.03404867,0.034526495
512,4,48,0.159763257,0.162704461
1024,4,48,1.02193378,1.030462566
2048,4,48,7.236727927,7.262672826
4096,4,48,61.335122327,61.434738655
16,8,48,0.000290551,0.00034989
32,8,48,0.000431804,0.000477717
64,8,48,0.000978249,0.001048589
128,8,48,0.004641625,0.004792038
256,8,48,0.022402725,0.022865398
512,8,48,0.083201906,0.085076293
1024,8,48,0.597054744,0.603938911
2048,8,48,4.029476382,4.054785529
4096,8,48,32.004821902,32.104730025
16,12,48,0.000400033,0.000448413
32,12,48,0.000598334,0.000643615
64,12,48,0.001092225,0.001160144
128,12,48,0.006136821,0.006297655
256,12,48,0.01954005,0.020027578
512,12,48,0.066823962,0.068675034
1024,12,48,0.416517887,0.423232215
2048,12,48,2.892422506,2.918239656
4096,12,48,23.030794276,23.129544617
16,16,48,0.00044384,0.000493336
32,16,48,0.000749248,0.000793923
64,16,48,0.00167058,0.001755335
128,16,48,0.004675088,0.004818817
256,16,48,0.025335343,0.025818745
512,16,48,0.073112249,0.075047257
1024,16,48,0.471508738,0.478581066
2048,16,48,2.381247336,2.406540861
4096,16,48,18.043106499,18.143334205
16,0,49,1.3345e-05,5.1062e-05
32,0,49,9.5335e-05,0.000144791
64,0,49,0.000703744,0.000773865
128,0,49,0.005657645,0.005806942
256,0,49,0.043503705,0.043987118
512,0,49,0.344061994,0.345923577
1024,0,49,2.73564435,2.742283977
2048,0,49,21.995070055,22.040765852
4096,0,49,177.00892113,177.153147767
16,4,49,0.000264273,0.000304807
32,4,49,0.000493216,0.000603551
64,4,49,0.001170014,0.001252013
128,4,49,0.005601546,0.005949531
256,4,49,0.033691114,0.034774971
512,4,49,0.16249326,0.164305946
1024,4,49,1.026252931,1.034645432
2048,4,49,7.236832595,7.262548913
4096,4,49,59.045942668,59.146242606
16,8,49,0.000277585,0.000317312
32,8,49,0.000445242,0.000490524
64,8,49,0.000871409,0.000939038
128,8,49,0.002266681,0.00241649
256,8,49,0.024952849,0.025444692
512,8,49,0.077147953,0.079010758
1024,8,49,0.567829675,0.574913368
2048,8,49,4.03236637,4.057793301
4096,8,49,33.162628801,33.261942307
16,12,49,0.00035967,0.000407902
32,12,49,0.000584388,0.000629643
64,12,49,0.001109169,0.001177051
128,12,49,0.004428241,0.004574089
256,12,49,0.021591812,0.022067692
512,12,49,0.067328813,0.069221265
1024,12,49,0.398998959,0.405647563
2048,12,49,2.888604484,2.914035255
4096,12,49,23.090491377,23.190513663
16,16,49,0.000424665,0.000477635
32,16,49,0.000840263,0.00088561
64,16,49,0.001111856,0.001178865
128,16,49,0.006791174,0.006959653
256,16,49,0.028668495,0.029151001
512,16,49,0.068174948,0.070045012
1024,16,49,0.464304822,0.471048435
2048,16,49,2.357625018,2.383144771
4096,16,49,18.466092716,18.566328279
